-------------------for 4-------------------
+---+-----+------+-------------------+
| № |  Xi | -XI- |      formula      |
+---+-----+------+-------------------+
| 0 |  1  | None |        None       |
| 1 | 1.4 | 1.2  | 2.454087499366201 |
| 2 | 1.8 | 1.6  | 3.200096152401578 |
| 3 | 2.2 | 2.0  |  4.04145188432738 |
| 4 | 2.6 | 2.4  | 4.967707484047225 |
+---+-----+------+-------------------+
sum:  14.663343019000001 sum*step:  5.865337208
-------------------for 8-------------------
+---+-----+------+--------------------+
| № |  Xi | -XI- |      formula       |
+---+-----+------+--------------------+
| 0 |  1  | None |        None        |
| 1 | 1.2 | 1.1  | 2.284117001423193  |
| 2 | 1.4 | 1.3  | 2.6309280888491897 |
| 3 | 1.6 | 1.5  |  3.00416377715996  |
| 4 | 1.8 | 1.7  | 3.4019656627265316 |
| 5 | 2.0 | 1.9  |  3.82280362904072  |
| 6 | 2.2 | 2.1  | 4.2653933751954565 |
| 7 | 2.4 | 2.3  | 4.728639371217719  |
| 8 | 2.6 | 2.5  | 5.211594217292276  |
+---+-----+------+--------------------+
sum:  29.349605122 sum*step:  5.869921024
continue 8 (Qn-Q2n)/3:  0.0015279386666667467 False
-------------------for 16-------------------
+----+-----+------+--------------------+
| №  |  Xi | -XI- |      formula       |
+----+-----+------+--------------------+
| 0  |  1  | None |        None        |
| 1  | 1.1 | 1.05 | 2.2018015074135953 |
| 2  | 1.2 | 1.15 | 2.3682253438112197 |
| 3  | 1.3 | 1.25 | 2.5416666666666674 |
| 4  | 1.4 | 1.35 | 2.721838884815488  |
| 5  | 1.5 | 1.45 | 2.9084855621622276 |
| 6  | 1.6 | 1.55 | 3.101375801599204  |
| 7  | 1.7 | 1.65 | 3.3003005151904037 |
| 8  | 1.8 | 1.75 | 3.505069380716504  |
| 9  | 1.9 | 1.85 | 3.7155083357439085 |
| 10 | 2.0 | 1.95 | 3.9314574970165292 |
| 11 | 2.1 | 2.05 | 4.152769419611331  |
| 12 | 2.2 | 2.15 | 4.379307629918266  |
| 13 | 2.3 | 2.25 |  4.61094538112222  |
| 14 | 2.4 | 2.35 | 4.847564590873092  |
| 15 | 2.5 | 2.45 | 5.089054929204812  |
| 16 | 2.6 | 2.55 | 5.335313031195556  |
+----+-----+------+--------------------+
sum:  58.710684478 sum*step:  5.871068448
continue 16 (Qn-Q2n)/3:  0.00038247466666666935 False
-------------------for 32-------------------
+----+------+-------+--------------------+
| №  |  Xi  |  -XI- |      formula       |
+----+------+-------+--------------------+
| 0  |  1   |  None |        None        |
| 1  | 1.05 | 1.025 | 2.161328939678971  |
| 2  | 1.1  | 1.075 | 2.2427326157710765 |
| 3  | 1.15 | 1.125 | 2.325949560995276  |
| 4  | 1.2  | 1.175 | 2.4109395450617446 |
| 5  | 1.25 | 1.225 | 2.4976646747005877 |
| 6  | 1.3  | 1.275 | 2.5860891930790872 |
| 7  | 1.35 | 1.325 | 2.676179301145893  |
| 8  | 1.4  | 1.375 | 2.767902998043637  |
| 9  | 1.45 | 1.425 | 2.8612299381595707 |
| 10 | 1.5  | 1.475 | 2.9561313027401894 |
| 11 | 1.55 | 1.525 | 3.052579684293335  |
| 12 | 1.6  | 1.575 | 3.150548982251048  |
| 13 | 1.65 | 1.625 | 3.250014308576562  |
| 14 | 1.7  | 1.675 | 3.3509519021765954 |
| 15 | 1.75 | 1.725 | 3.453339051130692  |
| 16 | 1.8  | 1.775 | 3.557154021877654  |
| 17 | 1.85 | 1.825 | 3.6623759946085497 |
| 18 | 1.9  | 1.875 |  3.76898500420956  |
| 19 | 1.95 | 1.925 | 3.876961886178449  |
| 20 | 2.0  | 1.975 | 3.9862882270078677 |
| 21 | 2.05 | 2.025 | 4.0969463185886035 |
| 22 | 2.1  | 2.075 | 4.208919116237865  |
| 23 | 2.15 | 2.125 | 4.3221902000027725 |
| 24 | 2.2  | 2.175 | 4.436743738928502  |
| 25 | 2.25 | 2.225 | 4.552564458014828  |
| 26 | 2.3  | 2.275 | 4.669637607614789  |
| 27 | 2.35 | 2.325 | 4.787948935055515  |
| 28 | 2.4  | 2.375 | 4.9074846582843525 |
| 29 | 2.45 | 2.425 | 5.028231441363821  |
| 30 | 2.5  | 2.475 | 5.150176371656863  |
| 31 | 2.55 | 2.525 | 5.273306938559749  |
| 32 | 2.6  | 2.575 | 5.397611013654119  |
+----+------+-------+--------------------+
sum:  117.42710793100001 sum*step:  5.871355397
32 (Qn-Q2n)/3:  9.56496666667898e-05 True