-------------------for 4-------------------
+---+-----+----------+-----------+-------------+
| № |  Xi | formula  | weight Ai |   Ai*f(Xi)  |
+---+-----+----------+-----------+-------------+
| 0 |  1  | 2.12132  |     1     | 2.121320344 |
| 1 | 1.4 | 2.814368 |     2     | 5.628735796 |
| 2 | 1.8 | 3.60959  |     2     |  7.2191808  |
| 3 | 2.2 | 4.494497 |     2     |  8.98899327 |
| 4 | 2.6 | 5.460199 |     1     | 5.460199427 |
+---+-----+----------+-----------+-------------+
sum:  29.418429636534043 sum*step:  5.883685927
Allss: 4
-------------------for 8-------------------
+---+-----+----------+-----------+-------------+
| № |  Xi | formula  | weight Ai |   Ai*f(Xi)  |
+---+-----+----------+-----------+-------------+
| 0 |  1  | 2.12132  |     1     | 2.121320344 |
| 1 | 1.2 | 2.454087 |     2     | 4.908174999 |
| 2 | 1.4 | 2.814368 |     2     | 5.628735796 |
| 3 | 1.6 | 3.200096 |     2     | 6.400192305 |
| 4 | 1.8 | 3.60959  |     2     |  7.2191808  |
| 5 | 2.0 | 4.041452 |     2     | 8.082903769 |
| 6 | 2.2 | 4.494497 |     2     |  8.98899327 |
| 7 | 2.4 | 4.967707 |     2     | 9.935414968 |
| 8 | 2.6 | 5.460199 |     1     | 5.460199427 |
+---+-----+----------+-----------+-------------+
sum:  58.74511567681882 sum*step:  5.874511568
Allss: 8
continue 8 (Qn-Q2n)/3:  0.0030581198749756546 False
-------------------for 16-------------------
+----+-----+----------+-----------+--------------+
| №  |  Xi | formula  | weight Ai |   Ai*f(Xi)   |
+----+-----+----------+-----------+--------------+
| 0  |  1  | 2.12132  |     1     | 2.121320344  |
| 1  | 1.1 | 2.284117 |     2     | 4.568234003  |
| 2  | 1.2 | 2.454087 |     2     | 4.908174999  |
| 3  | 1.3 | 2.630928 |     2     | 5.261856178  |
| 4  | 1.4 | 2.814368 |     2     | 5.628735796  |
| 5  | 1.5 | 3.004164 |     2     | 6.008327554  |
| 6  | 1.6 | 3.200096 |     2     | 6.400192305  |
| 7  | 1.7 | 3.401966 |     2     | 6.803931325  |
| 8  | 1.8 | 3.60959  |     2     |  7.2191808   |
| 9  | 1.9 | 3.822804 |     2     | 7.645607258  |
| 10 | 2.0 | 4.041452 |     2     | 8.082903769  |
| 11 | 2.1 | 4.265393 |     2     |  8.53078675  |
| 12 | 2.2 | 4.494497 |     2     |  8.98899327  |
| 13 | 2.3 | 4.728639 |     2     | 9.457278742  |
| 14 | 2.4 | 4.967707 |     2     | 9.935414968  |
| 15 | 2.5 | 5.211594 |     2     | 10.423188435 |
| 16 | 2.6 | 5.460199 |     1     | 5.460199427  |
+----+-----+----------+-----------+--------------+
sum:  117.44432592262896 sum*step:  5.872216296
Allss: 16
continue 16 (Qn-Q2n)/3:  0.0007650905168112843 False
-------------------for 32-------------------
+----+------+----------+-----------+--------------+
| №  |  Xi  | formula  | weight Ai |   Ai*f(Xi)   |
+----+------+----------+-----------+--------------+
| 0  |  1   | 2.12132  |     1     | 2.121320344  |
| 1  | 1.05 | 2.201802 |     2     | 4.403603015  |
| 2  | 1.1  | 2.284117 |     2     | 4.568234003  |
| 3  | 1.15 | 2.368225 |     2     | 4.736450688  |
| 4  | 1.2  | 2.454087 |     2     | 4.908174999  |
| 5  | 1.25 | 2.541667 |     2     | 5.083333333  |
| 6  | 1.3  | 2.630928 |     2     | 5.261856178  |
| 7  | 1.35 | 2.721839 |     2     |  5.44367777  |
| 8  | 1.4  | 2.814368 |     2     | 5.628735796  |
| 9  | 1.45 | 2.908486 |     2     | 5.816971124  |
| 10 | 1.5  | 3.004164 |     2     | 6.008327554  |
| 11 | 1.55 | 3.101376 |     2     | 6.202751603  |
| 12 | 1.6  | 3.200096 |     2     | 6.400192305  |
| 13 | 1.65 | 3.300301 |     2     |  6.60060103  |
| 14 | 1.7  | 3.401966 |     2     | 6.803931325  |
| 15 | 1.75 | 3.505069 |     2     | 7.010138761  |
| 16 | 1.8  | 3.60959  |     2     |  7.2191808   |
| 17 | 1.85 | 3.715508 |     2     | 7.431016671  |
| 18 | 1.9  | 3.822804 |     2     | 7.645607258  |
| 19 | 1.95 | 3.931457 |     2     | 7.862914994  |
| 20 | 2.0  | 4.041452 |     2     | 8.082903769  |
| 21 | 2.05 | 4.152769 |     2     | 8.305538839  |
| 22 | 2.1  | 4.265393 |     2     |  8.53078675  |
| 23 | 2.15 | 4.379308 |     2     |  8.75861526  |
| 24 | 2.2  | 4.494497 |     2     |  8.98899327  |
| 25 | 2.25 | 4.610945 |     2     | 9.221890762  |
| 26 | 2.3  | 4.728639 |     2     | 9.457278742  |
| 27 | 2.35 | 4.847565 |     2     | 9.695129182  |
| 28 | 2.4  | 4.967707 |     2     | 9.935414968  |
| 29 | 2.45 | 5.089055 |     2     | 10.178109858 |
| 30 | 2.5  | 5.211594 |     2     | 10.423188435 |
| 31 | 2.55 | 5.335313 |     2     | 10.670626062 |
| 32 | 2.6  | 5.460199 |     1     | 5.460199427  |
+----+------+----------+-----------+--------------+
sum:  234.86569487675095 sum*step:  5.871642372
Allss: 32
continue 32 (Qn-Q2n)/3:  0.00019130807089121996 False
-------------------for 64-------------------
+----+-------+----------+-----------+--------------+
| №  |   Xi  | formula  | weight Ai |   Ai*f(Xi)   |
+----+-------+----------+-----------+--------------+
| 0  |   1   | 2.12132  |     1     | 2.121320344  |
| 1  | 1.025 | 2.161329 |     2     | 4.322657879  |
| 2  |  1.05 | 2.201802 |     2     | 4.403603015  |
| 3  | 1.075 | 2.242733 |     2     | 4.485465232  |
| 4  |  1.1  | 2.284117 |     2     | 4.568234003  |
| 5  | 1.125 | 2.32595  |     2     | 4.651899122  |
| 6  |  1.15 | 2.368225 |     2     | 4.736450688  |
| 7  | 1.175 | 2.41094  |     2     |  4.82187909  |
| 8  |  1.2  | 2.454087 |     2     | 4.908174999  |
| 9  | 1.225 | 2.497665 |     2     | 4.995329349  |
| 10 |  1.25 | 2.541667 |     2     | 5.083333333  |
| 11 | 1.275 | 2.586089 |     2     | 5.172178386  |
| 12 |  1.3  | 2.630928 |     2     | 5.261856178  |
| 13 | 1.325 | 2.676179 |     2     | 5.352358602  |
| 14 |  1.35 | 2.721839 |     2     |  5.44367777  |
| 15 | 1.375 | 2.767903 |     2     | 5.535805996  |
| 16 |  1.4  | 2.814368 |     2     | 5.628735796  |
| 17 | 1.425 | 2.86123  |     2     | 5.722459876  |
| 18 |  1.45 | 2.908486 |     2     | 5.816971124  |
| 19 | 1.475 | 2.956131 |     2     | 5.912262605  |
| 20 |  1.5  | 3.004164 |     2     | 6.008327554  |
| 21 | 1.525 | 3.05258  |     2     | 6.105159369  |
| 22 |  1.55 | 3.101376 |     2     | 6.202751603  |
| 23 | 1.575 | 3.150549 |     2     | 6.301097965  |
| 24 |  1.6  | 3.200096 |     2     | 6.400192305  |
| 25 | 1.625 | 3.250014 |     2     | 6.500028617  |
| 26 |  1.65 | 3.300301 |     2     |  6.60060103  |
| 27 | 1.675 | 3.350952 |     2     | 6.701903804  |
| 28 |  1.7  | 3.401966 |     2     | 6.803931325  |
| 29 | 1.725 | 3.453339 |     2     | 6.906678102  |
| 30 |  1.75 | 3.505069 |     2     | 7.010138761  |
| 31 | 1.775 | 3.557154 |     2     | 7.114308044  |
| 32 |  1.8  | 3.60959  |     2     |  7.2191808   |
| 33 | 1.825 | 3.662376 |     2     | 7.324751989  |
| 34 |  1.85 | 3.715508 |     2     | 7.431016671  |
| 35 | 1.875 | 3.768985 |     2     | 7.537970008  |
| 36 |  1.9  | 3.822804 |     2     | 7.645607258  |
| 37 | 1.925 | 3.876962 |     2     | 7.753923772  |
| 38 |  1.95 | 3.931457 |     2     | 7.862914994  |
| 39 | 1.975 | 3.986288 |     2     | 7.972576454  |
| 40 |  2.0  | 4.041452 |     2     | 8.082903769  |
| 41 | 2.025 | 4.096946 |     2     | 8.193892637  |
| 42 |  2.05 | 4.152769 |     2     | 8.305538839  |
| 43 | 2.075 | 4.208919 |     2     | 8.417838232  |
| 44 |  2.1  | 4.265393 |     2     |  8.53078675  |
| 45 | 2.125 | 4.32219  |     2     |  8.6443804   |
| 46 |  2.15 | 4.379308 |     2     |  8.75861526  |
| 47 | 2.175 | 4.436744 |     2     | 8.873487478  |
| 48 |  2.2  | 4.494497 |     2     |  8.98899327  |
| 49 | 2.225 | 4.552564 |     2     | 9.105128916  |
| 50 |  2.25 | 4.610945 |     2     | 9.221890762  |
| 51 | 2.275 | 4.669638 |     2     | 9.339275215  |
| 52 |  2.3  | 4.728639 |     2     | 9.457278742  |
| 53 | 2.325 | 4.787949 |     2     |  9.57589787  |
| 54 |  2.35 | 4.847565 |     2     | 9.695129182  |
| 55 | 2.375 | 4.907485 |     2     | 9.814969317  |
| 56 |  2.4  | 4.967707 |     2     | 9.935414968  |
| 57 | 2.425 | 5.028231 |     2     | 10.056462883 |
| 58 |  2.45 | 5.089055 |     2     | 10.178109858 |
| 59 | 2.475 | 5.150176 |     2     | 10.300352743 |
| 60 |  2.5  | 5.211594 |     2     | 10.423188435 |
| 61 | 2.525 | 5.273307 |     2     | 10.546613877 |
| 62 |  2.55 | 5.335313 |     2     | 10.670626062 |
| 63 | 2.575 | 5.397611 |     2     | 10.795222027 |
| 64 |  2.6  | 5.460199 |     1     | 5.460199427  |
+----+-------+----------+-----------+--------------+
sum:  469.7199107360463 sum*step:  5.871498884
Allss: 64
64 (Qn-Q2n)/3:  4.7829239398389234e-05 True