-------------------for 8--------------------
+---+-----+----------+-----------+--------------+
| № |  Xi | formula  | weight Ai |   Ai*f(Xi)   |
+---+-----+----------+-----------+--------------+
| 0 |  1  | 2.12132  |     1     | 2.121320344  |
| 1 | 1.2 | 2.454087 |     4     | 9.816349997  |
| 2 | 1.4 | 2.814368 |     2     | 5.628735796  |
| 3 | 1.6 | 3.200096 |     4     | 12.80038461  |
| 4 | 1.8 | 3.60959  |     2     |  7.2191808   |
| 5 | 2.0 | 4.041452 |     4     | 16.165807537 |
| 6 | 2.2 | 4.494497 |     2     |  8.98899327  |
| 7 | 2.4 | 4.967707 |     4     | 19.870829936 |
| 8 | 2.6 | 5.460199 |     1     | 5.460199427  |
+---+-----+----------+-----------+--------------+
sum:  88.0718017171036 sum*step:  5.871453448
Allss: 8
-------------------for 16-------------------
+----+-----+----------+-----------+--------------+
| №  |  Xi | formula  | weight Ai |   Ai*f(Xi)   |
+----+-----+----------+-----------+--------------+
| 0  |  1  | 2.12132  |     1     | 2.121320344  |
| 1  | 1.1 | 2.284117 |     4     | 9.136468006  |
| 2  | 1.2 | 2.454087 |     2     | 4.908174999  |
| 3  | 1.3 | 2.630928 |     4     | 10.523712355 |
| 4  | 1.4 | 2.814368 |     2     | 5.628735796  |
| 5  | 1.5 | 3.004164 |     4     | 12.016655109 |
| 6  | 1.6 | 3.200096 |     2     | 6.400192305  |
| 7  | 1.7 | 3.401966 |     4     | 13.607862651 |
| 8  | 1.8 | 3.60959  |     2     |  7.2191808   |
| 9  | 1.9 | 3.822804 |     4     | 15.291214516 |
| 10 | 2.0 | 4.041452 |     2     | 8.082903769  |
| 11 | 2.1 | 4.265393 |     4     | 17.061573501 |
| 12 | 2.2 | 4.494497 |     2     |  8.98899327  |
| 13 | 2.3 | 4.728639 |     4     | 18.914557485 |
| 14 | 2.4 | 4.967707 |     2     | 9.935414968  |
| 15 | 2.5 | 5.211594 |     4     | 20.846376869 |
| 16 | 2.6 | 5.460199 |     1     | 5.460199427  |
+----+-----+----------+-----------+--------------+
sum:  176.14353616843908 sum*step:  5.871451206
Allss: 16
16 (Qn-Q2n)/3:  1.4947948467162557e-07 True