-------------------for 3-------------------
+---+-----+------+--------------------+
| № |  Xi | -XI- |      formula       |
+---+-----+------+--------------------+
| 0 | 1.7 | None |        None        |
| 1 | 2.1 | 1.9  | 3.2952996828816645 |
| 2 | 2.5 | 2.3  |  4.02082081172489  |
| 3 | 2.9 | 2.7  | 4.866518262577467  |
+---+-----+------+--------------------+
sum:  12.182638758 sum*step:  4.873055503
-------------------for 6-------------------
+---+-----+------+--------------------+
| № |  Xi | -XI- |      formula       |
+---+-----+------+--------------------+
| 0 | 1.7 | None |        None        |
| 1 | 1.9 | 1.8  | 3.1356020155625615 |
| 2 | 2.1 | 2.0  | 3.4641016151377544 |
| 3 | 2.3 | 2.2  | 3.8272705679112895 |
| 4 | 2.5 | 2.4  | 4.221847936626804  |
| 5 | 2.7 | 2.6  |  4.64499730893356  |
| 6 | 2.9 | 2.8  | 5.094310551978552  |
+---+-----+------+--------------------+
sum:  24.388129997 sum*step:  4.877625999
continue 6 (Qn-Q2n)/3:  0.0015234986666667893 False
-------------------for 12-------------------
+----+-----+------+--------------------+
| №  |  Xi | -XI- |      formula       |
+----+-----+------+--------------------+
| 0  | 1.7 | None |        None        |
| 1  | 1.8 | 1.75 | 3.059309562630104  |
| 2  | 1.9 | 1.85 | 3.2142845238093036 |
| 3  | 2.0 | 1.95 | 3.3785906825183782 |
| 4  | 2.1 | 2.05 | 3.5517777239010884 |
| 5  | 2.2 | 2.15 | 3.7334133175955757 |
| 6  | 2.3 | 2.25 | 3.923088706618804  |
| 7  | 2.4 | 2.35 | 4.120421701719377  |
| 8  | 2.5 | 2.45 | 4.325057803081943  |
| 9  | 2.6 | 2.55 | 4.5366700342872655 |
| 10 | 2.7 | 2.65 | 4.754957938825538  |
| 11 | 2.8 | 2.75 | 4.979646071760524  |
| 12 | 2.9 | 2.85 | 5.210482223364744  |
+----+-----+------+--------------------+
sum:  48.787700292 sum*step:  4.878770029
continue 12 (Qn-Q2n)/3:  0.00038134333333328385 False
-------------------for 24-------------------
+----+------+-------+--------------------+
| №  |  Xi  |  -XI- |      formula       |
+----+------+-------+--------------------+
| 0  | 1.7  |  None |        None        |
| 1  | 1.75 | 1.725 | 3.022077617302375  |
| 2  | 1.8  | 1.775 | 3.097153430974965  |
| 3  | 1.85 | 1.825 | 3.174648110421059  |
| 4  | 1.9  | 1.875 |  3.25450409048752  |
| 5  | 1.95 | 1.925 | 3.3366642211945754 |
| 6  | 2.0  | 1.975 | 3.421072109003258  |
| 7  | 2.05 | 2.025 |  3.50767239419533  |
| 8  | 2.1  | 2.075 | 3.5964109713713195 |
| 9  | 2.15 | 2.125 | 3.6872351599809843 |
| 10 | 2.2  | 2.175 |  3.78009383150736  |
| 11 | 2.25 | 2.225 | 3.874937499495958  |
| 12 | 2.3  | 2.275 | 3.971718378107892  |
| 13 | 2.35 | 2.325 | 4.070390414321454  |
| 14 | 2.4  | 2.375 | 4.170909298342506  |
| 15 | 2.45 | 2.425 | 4.273232456232632  |
| 16 | 2.5  | 2.475 | 4.377319028240913  |
| 17 | 2.55 | 2.525 | 4.483129835840131  |
| 18 | 2.6  | 2.575 | 4.590627340026629  |
| 19 | 2.65 | 2.625 | 4.699775593046965  |
| 20 | 2.7  | 2.675 | 4.810540185363797  |
| 21 | 2.75 | 2.725 |  4.92288818936607  |
| 22 | 2.8  | 2.775 | 5.036788101062019  |
| 23 | 2.85 | 2.825 | 5.152209780763972  |
| 24 | 2.9  | 2.875 | 5.269124393578114  |
+----+------+-------+--------------------+
sum:  97.581122427 sum*step:  4.879056121
24 (Qn-Q2n)/3:  9.536399999987566e-05 True