-------------------for 4-------------------
+---+-----+----------+-----------+-------------+
| № |  Xi | formula  | weight Ai |   Ai*f(Xi)  |
+---+-----+----------+-----------+-------------+
| 0 | 1.7 | 2.985465 |     1     | 2.985464788 |
| 1 | 2.0 | 3.464102 |     2     |  6.92820323 |
| 2 | 2.3 | 4.020821 |     2     | 8.041641623 |
| 3 | 2.6 | 4.644997 |     2     | 9.289994618 |
| 4 | 2.9 | 5.328133 |     1     | 5.328132881 |
+---+-----+----------+-----------+-------------+
sum:  32.573437140753285 sum*step:  4.886015571
Allss: 4
-------------------for 8-------------------
+---+------+----------+-----------+-------------+
| № |  Xi  | formula  | weight Ai |   Ai*f(Xi)  |
+---+------+----------+-----------+-------------+
| 0 | 1.7  | 2.985465 |     1     | 2.985464788 |
| 1 | 1.85 | 3.214285 |     2     | 6.428569048 |
| 2 | 2.0  | 3.464102 |     2     |  6.92820323 |
| 3 | 2.15 | 3.733413 |     2     | 7.466826635 |
| 4 | 2.3  | 4.020821 |     2     | 8.041641623 |
| 5 | 2.45 | 4.325058 |     2     | 8.650115606 |
| 6 | 2.6  | 4.644997 |     2     | 9.289994618 |
| 7 | 2.75 | 4.979646 |     2     | 9.959292144 |
| 8 | 2.9  | 5.328133 |     1     | 5.328132881 |
+---+------+----------+-----------+-------------+
sum:  65.07824057324797 sum*step:  4.880868043
Allss: 8
continue 8 (Qn-Q2n)/3:  0.0017158427064651132 False
-------------------for 16-------------------
+----+-------+----------+-----------+--------------+
| №  |   Xi  | formula  | weight Ai |   Ai*f(Xi)   |
+----+-------+----------+-----------+--------------+
| 0  |  1.7  | 2.985465 |     1     | 2.985464788  |
| 1  | 1.775 | 3.097153 |     2     | 6.194306862  |
| 2  |  1.85 | 3.214285 |     2     | 6.428569048  |
| 3  | 1.925 | 3.336664 |     2     | 6.673328442  |
| 4  |  2.0  | 3.464102 |     2     |  6.92820323  |
| 5  | 2.075 | 3.596411 |     2     | 7.192821943  |
| 6  |  2.15 | 3.733413 |     2     | 7.466826635  |
| 7  | 2.225 | 3.874937 |     2     | 7.749874999  |
| 8  |  2.3  | 4.020821 |     2     | 8.041641623  |
| 9  | 2.375 | 4.170909 |     2     | 8.341818597  |
| 10 |  2.45 | 4.325058 |     2     | 8.650115606  |
| 11 | 2.525 | 4.48313  |     2     | 8.966259672  |
| 12 |  2.6  | 4.644997 |     2     | 9.289994618  |
| 13 | 2.675 | 4.81054  |     2     | 9.621080371  |
| 14 |  2.75 | 4.979646 |     2     | 9.959292144  |
| 15 | 2.825 | 5.15221  |     2     | 10.304419562 |
| 16 |  2.9  | 5.328133 |     1     | 5.328132881  |
+----+-------+----------+-----------+--------------+
sum:  130.12215101994252 sum*step:  4.879580663
Allss: 16
continue 16 (Qn-Q2n)/3:  0.00042912658191784914 False
-------------------for 32-------------------
+----+--------+----------+-----------+--------------+
| №  |   Xi   | formula  | weight Ai |   Ai*f(Xi)   |
+----+--------+----------+-----------+--------------+
| 0  |  1.7   | 2.985465 |     1     | 2.985464788  |
| 1  | 1.7375 | 3.040617 |     2     | 6.081233299  |
| 2  | 1.775  | 3.097153 |     2     | 6.194306862  |
| 3  | 1.8125 | 3.155051 |     2     | 6.310101648  |
| 4  |  1.85  | 3.214285 |     2     | 6.428569048  |
| 5  | 1.8875 | 3.27483  |     2     | 6.549660654  |
| 6  | 1.925  | 3.336664 |     2     | 6.673328442  |
| 7  | 1.9625 | 3.399762 |     2     | 6.799524914  |
| 8  |  2.0   | 3.464102 |     2     |  6.92820323  |
| 9  | 2.0375 | 3.529659 |     2     | 7.059317314  |
| 10 | 2.075  | 3.596411 |     2     | 7.192821943  |
| 11 | 2.1125 | 3.664336 |     2     | 7.328672821  |
| 12 |  2.15  | 3.733413 |     2     | 7.466826635  |
| 13 | 2.1875 | 3.803621 |     2     | 7.607241102  |
| 14 | 2.225  | 3.874937 |     2     | 7.749874999  |
| 15 | 2.2625 | 3.947344 |     2     | 7.894688187  |
| 16 |  2.3   | 4.020821 |     2     | 8.041641623  |
| 17 | 2.3375 | 4.095349 |     2     | 8.190697372  |
| 18 | 2.375  | 4.170909 |     2     | 8.341818597  |
| 19 | 2.4125 | 4.247485 |     2     | 8.494969559  |
| 20 |  2.45  | 4.325058 |     2     | 8.650115606  |
| 21 | 2.4875 | 4.403612 |     2     | 8.807223154  |
| 22 | 2.525  | 4.48313  |     2     | 8.966259672  |
| 23 | 2.5625 | 4.563597 |     2     | 9.127193658  |
| 24 |  2.6   | 4.644997 |     2     | 9.289994618  |
| 25 | 2.6375 | 4.727317 |     2     | 9.454633041  |
| 26 | 2.675  | 4.81054  |     2     | 9.621080371  |
| 27 | 2.7125 | 4.894654 |     2     |  9.78930898  |
| 28 |  2.75  | 4.979646 |     2     | 9.959292144  |
| 29 | 2.7875 | 5.065502 |     2     | 10.131004007 |
| 30 | 2.825  | 5.15221  |     2     | 10.304419562 |
| 31 | 2.8625 | 5.239757 |     2     | 10.479514615 |
| 32 |  2.9   | 5.328133 |     1     | 5.328132881  |
+----+--------+----------+-----------+--------------+
sum:  260.227135345236 sum*step:  4.879258788
Allss: 32
continue 32 (Qn-Q2n)/3:  0.00010729184155640799 False
-------------------for 64-------------------
+----+---------+----------+-----------+--------------+
| №  |    Xi   | formula  | weight Ai |   Ai*f(Xi)   |
+----+---------+----------+-----------+--------------+
| 0  |   1.7   | 2.985465 |     1     | 2.985464788  |
| 1  | 1.71875 | 3.012866 |     2     | 6.025732175  |
| 2  |  1.7375 | 3.040617 |     2     | 6.081233299  |
| 3  | 1.75625 | 3.068713 |     2     | 6.137426887  |
| 4  |  1.775  | 3.097153 |     2     | 6.194306862  |
| 5  | 1.79375 | 3.125934 |     2     | 6.251867143  |
| 6  |  1.8125 | 3.155051 |     2     | 6.310101648  |
| 7  | 1.83125 | 3.184502 |     2     | 6.369004304  |
| 8  |   1.85  | 3.214285 |     2     | 6.428569048  |
| 9  | 1.86875 | 3.244395 |     2     | 6.488789837  |
| 10 |  1.8875 | 3.27483  |     2     | 6.549660654  |
| 11 | 1.90625 | 3.305588 |     2     | 6.611175508  |
| 12 |  1.925  | 3.336664 |     2     | 6.673328442  |
| 13 | 1.94375 | 3.368057 |     2     | 6.736113537  |
| 14 |  1.9625 | 3.399762 |     2     | 6.799524914  |
| 15 | 1.98125 | 3.431778 |     2     | 6.863556741  |
| 16 |   2.0   | 3.464102 |     2     |  6.92820323  |
| 17 | 2.01875 | 3.496729 |     2     | 6.993458648  |
| 18 |  2.0375 | 3.529659 |     2     | 7.059317314  |
| 19 | 2.05625 | 3.562887 |     2     | 7.125773601  |
| 20 |  2.075  | 3.596411 |     2     | 7.192821943  |
| 21 | 2.09375 | 3.630228 |     2     | 7.260456831  |
| 22 |  2.1125 | 3.664336 |     2     | 7.328672821  |
| 23 | 2.13125 | 3.698732 |     2     | 7.397464528  |
| 24 |   2.15  | 3.733413 |     2     | 7.466826635  |
| 25 | 2.16875 | 3.768377 |     2     | 7.536753889  |
| 26 |  2.1875 | 3.803621 |     2     | 7.607241102  |
| 27 | 2.20625 | 3.839142 |     2     | 7.678283156  |
| 28 |  2.225  | 3.874937 |     2     | 7.749874999  |
| 29 | 2.24375 | 3.911006 |     2     | 7.822011647  |
| 30 |  2.2625 | 3.947344 |     2     | 7.894688187  |
| 31 | 2.28125 | 3.98395  |     2     | 7.967899771  |
| 32 |   2.3   | 4.020821 |     2     | 8.041641623  |
| 33 | 2.31875 | 4.057955 |     2     | 8.115909037  |
| 34 |  2.3375 | 4.095349 |     2     | 8.190697372  |
| 35 | 2.35625 | 4.133001 |     2     | 8.266002059  |
| 36 |  2.375  | 4.170909 |     2     | 8.341818597  |
| 37 | 2.39375 | 4.209071 |     2     | 8.418142552  |
| 38 |  2.4125 | 4.247485 |     2     | 8.494969559  |
| 39 | 2.43125 | 4.286148 |     2     | 8.572295321  |
| 40 |   2.45  | 4.325058 |     2     | 8.650115606  |
| 41 | 2.46875 | 4.364213 |     2     |  8.72842625  |
| 42 |  2.4875 | 4.403612 |     2     | 8.807223154  |
| 43 | 2.50625 | 4.443251 |     2     | 8.886502284  |
| 44 |  2.525  | 4.48313  |     2     | 8.966259672  |
| 45 | 2.54375 | 4.523246 |     2     |  9.04649141  |
| 46 |  2.5625 | 4.563597 |     2     | 9.127193658  |
| 47 | 2.58125 | 4.604181 |     2     | 9.208362633  |
| 48 |   2.6   | 4.644997 |     2     | 9.289994618  |
| 49 | 2.61875 | 4.686043 |     2     | 9.372085953  |
| 50 |  2.6375 | 4.727317 |     2     | 9.454633041  |
| 51 | 2.65625 | 4.768816 |     2     | 9.537632341  |
| 52 |  2.675  | 4.81054  |     2     | 9.621080371  |
| 53 | 2.69375 | 4.852487 |     2     | 9.704973707  |
| 54 |  2.7125 | 4.894654 |     2     |  9.78930898  |
| 55 | 2.73125 | 4.937041 |     2     | 9.874082879  |
| 56 |   2.75  | 4.979646 |     2     | 9.959292144  |
| 57 | 2.76875 | 5.022467 |     2     | 10.04493357  |
| 58 |  2.7875 | 5.065502 |     2     | 10.131004007 |
| 59 | 2.80625 | 5.10875  |     2     | 10.217500354 |
| 60 |  2.825  | 5.15221  |     2     | 10.304419562 |
| 61 | 2.84375 | 5.195879 |     2     | 10.391758632 |
| 62 |  2.8625 | 5.239757 |     2     | 10.479514615 |
| 63 | 2.88125 | 5.283842 |     2     | 10.56768461  |
| 64 |   2.9   | 5.328133 |     1     | 5.328132881  |
+----+---------+----------+-----------+--------------+
sum:  520.4456871400951 sum*step:  4.879178317
Allss: 64
64 (Qn-Q2n)/3:  2.682359492804191e-05 True