-------------------for 6--------------------
+---+-----+----------+-----------+--------------+
| № |  Xi | formula  | weight Ai |   Ai*f(Xi)   |
+---+-----+----------+-----------+--------------+
| 0 | 1.7 | 2.985465 |     1     | 2.985464788  |
| 1 | 1.9 |  3.2953  |     4     | 13.181198732 |
| 2 | 2.1 | 3.641566 |     2     | 7.283131195  |
| 3 | 2.3 | 4.020821 |     4     | 16.083283247 |
| 4 | 2.5 | 4.430011 |     2     | 8.860022573  |
| 5 | 2.7 | 4.866518 |     4     | 19.46607305  |
| 6 | 2.9 | 5.328133 |     1     | 5.328132881  |
+---+-----+----------+-----------+--------------+
sum:  73.18730646598573 sum*step:  4.879153764
Allss: 6
-------------------for 12-------------------
+----+-----+----------+-----------+--------------+
| №  |  Xi | formula  | weight Ai |   Ai*f(Xi)   |
+----+-----+----------+-----------+--------------+
| 0  | 1.7 | 2.985465 |     1     | 2.985464788  |
| 1  | 1.8 | 3.135602 |     4     | 12.542408062 |
| 2  | 1.9 |  3.2953  |     2     | 6.590599366  |
| 3  | 2.0 | 3.464102 |     4     | 13.856406461 |
| 4  | 2.1 | 3.641566 |     2     | 7.283131195  |
| 5  | 2.2 | 3.827271 |     4     | 15.309082272 |
| 6  | 2.3 | 4.020821 |     2     | 8.041641623  |
| 7  | 2.4 | 4.221848 |     4     | 16.887391747 |
| 8  | 2.5 | 4.430011 |     2     | 8.860022573  |
| 9  | 2.6 | 4.644997 |     4     | 18.579989236 |
| 10 | 2.7 | 4.866518 |     2     | 9.733036525  |
| 11 | 2.8 | 5.094311 |     4     | 20.377242208 |
| 12 | 2.9 | 5.328133 |     1     | 5.328132881  |
+----+-----+----------+-----------+--------------+
sum:  146.37454893621978 sum*step:  4.879151631
Allss: 12
12 (Qn-Q2n)/3:  1.4221278152130405e-07 True